  1  1 1 C11   P1        
 1 0 1 0 1 0 1
  2  1 1 Ci1   P-1        
25 0 1 0 1 0 1
  3  1 1 C21   P2        
 3 0 1 0 1 0 1
  3  1 1 C21   P2
 4 0 1 0 1 0 1
  4  1 1 C22   P2_1
 3 0 1 1 2 0 1
  4  1 1 C22   P2_1
 4 0 1 0 1 1 2
  5  4 1 C23   C2
 3 0 1 0 1 0 1
  5  3 1 C23   C2
 3 0 1 0 1 0 1
  5  3 1 C23   C2
 4 0 1 0 1 0 1
  6  1 1 Cs1   Pm
27 0 1 0 1 0 1
  6  1 1 Cs1   Pm
28 0 1 0 1 0 1
  7  1 1 Cs2   Pc
27 0 1 0 1 1 2
  7  1 1 Cs2   Pc
27 1 2 0 1 1 2
  7  1 1 Cs2   Pc
27 1 2 0 1 0 1
  7  1 1 Cs2   Pc
28 1 2 0 1 0 1
  7  1 1 Cs2   Pc
28 1 2 1 2 0 1
  7  1 1 Cs2   Pc
28 0 1 1 2 0 1
  8  4 1 Cs3   Cm
27 0 1 0 1 0 1
  8  3 1 Cs3   Cm
27 0 1 0 1 0 1
  8  3 1 Cs3   Cm
28 0 1 0 1 0 1
  9  4 1 Cs4   Cc
27 0 1 0 1 1 2
  9  3 1 Cs4   Cc
27 1 2 0 1 0 1
  9  3 1 Cs4   Cc
28 0 1 1 2 0 1
 10  1 2 C2h1  P2/m
 3 0 1 0 1 0 1
25 0 1 0 1 0 1
 10  1 2 C2h1  P2/m
 4 0 1 0 1 0 1
25 0 1 0 1 0 1
 11  1 2 C2h2  P2_1/m
 3 0 1 1 2 0 1
25 0 1 0 1 0 1
 11  1 2 C2h2  P2_1/m
 4 0 1 0 1 1 2
25 0 1 0 1 0 1
 12  4 2 C2h3  C2/m
 3 0 1 0 1 0 1
25 0 1 0 1 0 1
 12  3 2 C2h3  C2/m
 3 0 1 0 1 0 1
25 0 1 0 1 0 1
 12  3 2 C2h3  C2/m
 4 0 1 0 1 0 1
25 0 1 0 1 0 1
 13  1 2 C2h4  P2/c
 3 0 1 0 1 1 2
25 0 1 0 1 0 1
 13  1 2 C2h4  P2/c
 3 1 2 0 1 1 2
25 0 1 0 1 0 1
 13  1 2 C2h4  P2/c
 3 1 2 0 1 0 1
25 0 1 0 1 0 1
 13  1 2 C2h4  P2/c
 4 1 2 0 1 0 1
25 0 1 0 1 0 1
 13  1 2 C2h4  P2/c
 4 1 2 1 2 0 1
25 0 1 0 1 0 1
 13  1 2 C2h4  P2/c
 4 0 1 1 2 0 1
25 0 1 0 1 0 1
 14  1 2 C2h5  P2_1/c
 3 0 1 1 2 1 2
25 0 1 0 1 0 1 
 14  1 2 C2h5  P2_1/c
 3 1 2 1 2 1 2
25 0 1 0 1 0 1
 14  1 2 C2h5  P2_1/c
 3 1 2 1 2 0 1
25 0 1 0 1 0 1
 14  1 2 C2h5  P2_1/c
 4 1 2 0 1 1 2
25 0 1 0 1 0 1
 14  1 2 C2h5  P2_1/c
 4 1 2 1 2 1 2
25 0 1 0 1 0 1
 14  1 2 C2h5  P2_1/c
 4 0 1 1 2 1 2
25 0 1 0 1 0 1
 15  4 2 C2h6  C2/c
 3 0 1 0 1 1 2
25 0 1 0 1 0 1
 15  3 2 C2h6  C2/c
 3 1 2 0 1 0 1
25 0 1 0 1 0 1
 15  3 2 C2h6  C2/c
 4 0 1 1 2 0 1
25 0 1 0 1 0 1
 16  1 2 D21   P222
 2 0 1 0 1 0 1
 3 0 1 0 1 0 1
 17  1 2 D22   P22_1
 2 0 1 0 1 0 1
 4 0 1 0 1 1 2
 18  1 2 D23   P2_12_12
 2 1 2 1 2 0 1
 3 1 2 1 2 0 1
 19  1 2 D24   P2_12_12_1
 2 1 2 1 2 0 1
 3 0 1 1 2 1 2
 20  4 2 D25   C222_1
 2 0 1 0 1 0 1
 3 0 1 0 1 1 2
 21  4 2 D26   C222
 2 0 1 0 1 0 1
 3 0 1 0 1 0 1
 22  2 2 D27   F222
 2 0 1 0 1 0 1
 3 0 1 0 1 0 1
 23  3 2 D28   I222
 2 0 1 0 1 0 1
 3 0 1 0 1 0 1
 24  3 2 D29   I2_12_12_1
 2 1 2 1 2 0 1
 3 0 1 1 2 1 2
 25  1 2 C2v1  Pmm2
 4 0 1 0 1 0 1
26 0 1 0 1 0 1
 25  1 2 C2v1  Pmm2
 4 0 1 0 1 0 1
37 0 1 0 1 0 1
 26  1 2 C2v2  Pmc2_1
 4 0 1 0 1 1 2
26 0 1 0 1 0 1
 27  1 2 C2v3  Pcc2
 4 0 1 0 1 0 1
26 0 1 0 1 1 2
 28  1 2 C2v4  Pma2
 4 0 1 0 1 0 1
26 1 2 0 1 0 1
 29  1 2 C2v5  Pca2_1
 4 0 1 0 1 1 2
26 1 2 0 1 1 2
 30  1 2 C2v6  Pnc2
 4 0 1 0 1 0 1
26 0 1 1 2 1 2
 31  1 2 C2v7  Pmn2_1
 4 1 2 0 1 1 2
26 0 1 0 1 0 1
 32  1 2 C2v8  Pba2
 4 0 1 0 1 0 1
26 1 2 1 2 0 1
 33  1 2 C2v9  Pna2_1
 4 0 1 0 1 1 2
26 1 2 1 2 1 2
 34  1 2 C2v10 Pnn2
 4 0 1 0 1 0 1
26 1 2 1 2 1 2
 35  4 2 C2v11 Cmm2
 4 0 1 0 1 0 1
26 0 1 0 1 0 1
 36  4 2 C2v12 Cmc2_1
 4 0 1 0 1 1 2
26 0 1 0 1 0 1
 37  4 2 C2v13 Ccc2
 4 0 1 0 1 0 1
26 0 1 0 1 1 2
 38  4 2 C2v14 Amm2
 3 0 1 0 1 0 1
26 0 1 0 1 0 1
 39  4 2 C2v15 Abm2
 3 0 1 0 1 0 1
26 1 2 0 1 0 1
 40  4 2 C2v16 Ama2
 3 0 1 0 1 0 1
26 0 1 0 1 1 2
 41  4 2 C2v17 Aba2
 3 0 1 0 1 0 1
26 1 2 0 1 1 2
 42  2 2 C2v18 Fmm2
 4 0 1 0 1 0 1
26 0 1 0 1 0 1
 43  2 2 C2v19 Fdd2
 4 0 1 0 1 0 1
26 1 4 1 4 1 4
 44  3 2 C2v20 Imm2
 4 0 1 0 1 0 1
26 0 1 0 1 0 1
 45  3 2 C2v21 Iba2
 4 0 1 0 1 0 1
26 1 2 1 2 0 1
 46  3 2 C2v22 Ima2
 4 0 1 0 1 0 1
26 1 2 0 1 0 1
 47  1 3 D2h1  Pmmm
 2 0 1 0 1 0 1
 3 0 1 0 1 0 1
25 0 1 0 1 0 1
 48  1 3 D2h2  Pnnn
 2 0 1 0 1 0 1
 3 0 1 0 1 0 1
25 1 2 1 2 1 2  
 48  1 3 D2h2  Pnnn
 2 0 1 1 2 1 2
 3 1 2 0 1 1 2
25 0 1 0 1 0 1
 49  1 3 D2h3  Pccm
 2 0 1 0 1 1 2
 3 0 1 0 1 1 2
25 0 1 0 1 0 1
 50  1 3 D2h4  Pban
 2 0 1 0 1 0 1
 3 0 1 0 1 0 1
25 1 2 1 2 0 1
 50  1 3 D2h4  Pban
 2 0 1 1 2 0 1
 3 1 2 0 1 0 1
25 0 1 0 1 0 1
 51  1 3 D2h5  Pmma
 2 1 2 0 1 0 1
 3 0 1 0 1 0 1
25 0 1 0 1 0 1
 52  1 3 D2h6  Pnna
 2 0 1 1 2 1 2
 3 1 2 1 2 1 2
25 0 1 0 1 0 1
 53  1 3 D2h7  Pmna
 2 0 1 0 1 0 1
 3 1 2 0 1 1 2
25 0 1 0 1 0 1
 54  1 3 D2h8  Pcca
 2 1 2 0 1 1 2
 3 0 1 0 1 1 2
25 0 1 0 1 0 1
 55  1 3 D2h9  Pbam
 2 1 2 1 2 0 1
 3 1 2 1 2 0 1
26 1 2 1 2 0 1
 56  1 3 D2h10 Pccn
 2 1 2 0 1 1 2
 3 0 1 1 2 1 2
25 0 1 0 1 0 1
 57  1 3 D2h11 Pbcm
 2 0 1 1 2 0 1
 3 0 1 1 2 1 2
25 0 1 0 1 0 1
 58  1 3 D2h12 Pnnm
 2 1 2 1 2 1 2
 3 1 2 1 2 1 2
25 0 1 0 1 0 1
 59  1 3 D2h13 Pmmn
 2 1 2 1 2 0 1
 3 1 2 1 2 0 1
25 1 2 1 2 0 1
 59  1 3 D2h13 Pmmn
 2 1 2 0 1 0 1
 3 0 1 1 2 0 1
25 0 1 0 1 0 1
 60  1 3 D2h14 Pbcn
 2 1 2 1 2 0 1
 3 0 1 0 1 1 2
25 0 1 0 1 0 1
 61  1 3 D2h15 Pbca
 2 1 2 1 2 0 1
 3 0 1 1 2 1 2
25 0 1 0 1 0 1
 62  1 3 D2h16 Pnma
 2 1 2 1 2 1 2
 3 0 1 1 2 0 1
25 0 1 0 1 0 1
 63  4 3 D2h17 Cmcm
 2 0 1 0 1 0 1
 3 0 1 0 1 1 2
25 0 1 0 1 0 1
 64  4 3 D2h18 Cmca
 2 0 1 0 1 0 1
 3 0 1 1 2 1 2
25 0 1 0 1 0 1
 65  4 3 D2h19 Cmmm
 2 0 1 0 1 0 1
 3 0 1 0 1 0 1
25 0 1 0 1 0 1 
 66  4 3 D2h20 Cccm
 2 0 1 0 1 1 2
 3 0 1 0 1 1 2
25 0 1 0 1 0 1
 67  4 3 D2h21 Cmma
 2 0 1 0 1 0 1
 3 0 1 1 2 0 1
25 0 1 0 1 0 1
 68  4 3 D2h22 Ccca
 2 1 2 1 2 0 1
 3 0 1 0 1 0 1
25 0 1 1 2 1 2
 68  4 3 D2h22 Ccca
 2 1 2 0 1 1 2
 3 0 1 0 1 1 2
25 0 1 0 1 0 1
 69  2 3 D2h23 Fmmm
 2 0 1 0 1 0 1
 3 0 1 0 1 0 1
25 0 1 0 1 0 1
 70  2 3 D2h24 Fddd
 2 0 1 0 1 0 1
 3 0 1 0 1 0 1
25 1 4 1 4 1 4
 70  2 3 D2h24 Fddd
 2 0 1 3 4 3 4
 3 3 4 0 1 3 4
25 0 1 0 1 0 1
 71  3 3 D2h25 Immm
 2 0 1 0 1 0 1
 3 0 1 0 1 0 1
25 0 1 0 1 0 1
 72  3 3 D2h26 Ibam
 2 1 2 1 2 0 1
 3 1 2 1 2 0 1
25 0 1 0 1 0 1
 73  3 3 D2h27 Ibca
 2 1 2 1 2 0 1
 3 0 1 1 2 1 2
25 0 1 0 1 0 1
 74  3 3 D2h28 Imma
 2 0 1 0 1 0 1
 3 0 1 1 2 0 1
25 0 1 0 1 0 1
 75  1 1 C41   P4
21 0 1 0 1 0 1
 76  1 1 C42   P4_1
21 0 1 0 1 1 4
 77  1 1 C43   P4_2
21 0 1 0 1 1 2
 78  1 1 C44   P4_3
21 0 1 0 1 3 4
 79  3 1 C45   I4
21 0 1 0 1 0 1
 80  3 1 C46   I4_1
21 0 1 1 2 1 4
 81  1 1 S41   P-4
45 0 1 0 1 0 1
 82  3 1 S42   I-4
45 0 1 0 1 0 1
 83  1 2 C4h1  P4/m
21 0 1 0 1 0 1
25 0 1 0 1 0 1
 84  1 2 C4h2  P4_2/m
21 0 1 0 1 1 2
25 0 1 0 1 0 1
 85  1 2 C4h3  P4/n
21 1 2 1 2 0 1
25 1 2 1 2 0 1
 85  1 2 C4h3  P4/n
21 1 2 0 1 0 1
25 0 1 0 1 0 1
 86  1 2 C4h4  P4_2/n
21 1 2 1 2 1 2
25 1 2 1 2 1 2
 86  1 2 C4h4  P4_2/n
21 0 1 1 2 1 2
25 0 1 0 1 0 1
 87  3 2 C4h5  I4/m
21 0 1 0 1 0 1
25 0 1 0 1 0 1
 88  3 2 C4h6  I4_1/a 
21 0 1 1 2 1 4
25 0 1 1 2 1 4
 88  3 2 C4h6  I4_1/a 
21 3 4 1 4 1 4
25 0 1 0 1 0 1
 89  1 3 D41   P422
 2 0 1 0 1 0 1
13 0 1 0 1 0 1
21 0 1 0 1 0 1
 90  1 3 D42   P42_12
 2 1 2 1 2 0 1
13 0 1 0 1 0 1
21 1 2 1 2 0 1
 91  1 3 D43   P4_122
 2 0 1 0 1 1 2
13 0 1 0 1 3 4
21 0 1 0 1 1 4
 92  1 3 D44   P4_12_12
 2 1 2 1 2 3 4
13 0 1 0 1 0 1
21 1 2 1 2 1 4
 93  1 3 D45   P4_222
 2 0 1 0 1 0 1
13 0 1 0 1 1 2
21 0 1 0 1 1 2
 94  1 3 D46   P4_22_12
 2 1 2 1 2 1 2
13 0 1 0 1 0 1
21 1 2 1 2 1 2
 95  1 3 D47   P4_322
 2 0 1 0 1 1 2
13 0 1 0 1 1 4
21 0 1 0 1 3 4
 96  1 3 D48   P4_32_12
 2 1 2 1 2 1 4
13 0 1 0 1 0 1
21 1 2 1 2 3 4
 97  3 3 D49   I422
 2 0 1 0 1 0 1
13 0 1 0 1 0 1
21 0 1 0 1 0 1
 98  3 3 D410  I4_122
 2 0 1 1 2 1 4
13 1 2 1 2 1 2
21 0 1 1 2 1 4
 99  1 2 C4v1  P4mm
21 0 1 0 1 0 1
26 0 1 0 1 0 1 
100  1 2 C4v2  P4bm
21 0 1 0 1 0 1
26 1 2 1 2 0 1
101  1 2 C4v3  P4_2cm
21 0 1 0 1 1 2
26 0 1 0 1 1 2
102  1 2 C4v4  P4_2nm
21 1 2 1 2 1 2
26 1 2 1 2 1 2
103  1 2 C4v5  P4cc
21 0 1 0 1 0 1
26 0 1 0 1 1 2
104  1 2 C4v6  P4nc
21 0 1 0 1 0 1
26 1 2 1 2 1 2
105  1 2 C4v7  P4_2mc
21 0 1 0 1 1 2
26 0 1 0 1 0 1
106  1 2 C4v8  P4_2bc
21 0 1 0 1 1 2
26 1 2 1 2 0 1
107  3 2 C4v9  I4mm
21 0 1 0 1 0 1
26 0 1 0 1 0 1
108  3 2 C4v10 I4cm
21 0 1 0 1 0 1 
26 0 1 0 1 1 2
109  3 2 C4v11 I4_1md
21 0 1 1 2 1 4
26 1 2 1 2 1 2
110  3 2 C4v12 I4_1cd
21 0 1 1 2 1 4
26 1 2 1 2 0 1
111  1 2 D2d1  P-42m
 2 0 1 0 1 0 1
45 0 1 0 1 0 1
112  1 2 D2d2  P-42c
 2 0 1 0 1 1 2
45 0 1 0 1 0 1
113  1 2 D2d3  P-42_1m
 2 1 2 1 2 0 1
45 0 1 0 1 0 1
114  1 2 D2d4  P-42_1c
 2 1 2 1 2 1 2
45 0 1 0 1 0 1
115  1 2 D2d5  P-4m2 
13 0 1 0 1 0 1
45 0 1 0 1 0 1
116  1 2 D2d6  P-4c2
13 0 1 0 1 1 2
45 0 1 0 1 0 1
117  1 2 D2d7  P-4b2
13 1 2 1 2 0 1
45 0 1 0 1 0 1
118  1 2 D2d8  P-4n2
13 1 2 1 2 1 2
45 0 1 0 1 0 1
119  3 2 D2d9  I-4m2
13 0 1 0 1 0 1
45 0 1 0 1 0 1
120  3 2 D2d10 I-4c2
13 0 1 0 1 1 2
45 0 1 0 1 0 1
121  3 2 D2d11 I-42m
 2 0 1 0 1 0 1
45 0 1 0 1 0 1
122  3 2 D2d12 I-42d
 2 1 2 0 1 3 4
45 0 1 0 1 0 1
123  1 3 D4h1  P4/mmm
 2 0 1 0 1 0 1
21 0 1 0 1 0 1
25 0 1 0 1 0 1
124  1 3 D4h2  P4/mcc
 2 0 1 0 1 1 2
21 0 1 0 1 0 1
25 0 1 0 1 0 1
125  1 3 D4h3  P4/nbm
 2 0 1 0 1 0 1
21 0 1 0 1 0 1
25 1 2 1 2 0 1
125  1 3 D4h3  P4/nbm
 2 0 1 1 2 0 1
21 1 2 0 1 0 1
25 0 1 0 1 0 1
126  1 3 D4h4  P4/nnc
 2 0 1 0 1 0 1
21 0 1 0 1 0 1
25 1 2 1 2 1 2
126  1 3 D4h4  P4/nnc
 2 0 1 1 2 1 2
21 1 2 0 1 0 1
25 0 1 0 1 0 1
127  1 3 D4h5  P4/mbm
 2 1 2 1 2 0 1
21 0 1 0 1 0 1
25 0 1 0 1 0 1
128  1 3 D4h6  P4/mnc
 2 1 2 1 2 1 2
21 0 1 0 1 0 1
25 0 1 0 1 0 1
129  1 3 D4h7  P4/nmm
 2 1 2 1 2 0 1
21 1 2 1 2 0 1
25 1 2 1 2 0 1
129  1 3 D4h7  P4/nmm
 2 1 2 0 1 0 1
21 1 2 0 1 0 1
25 0 1 0 1 0 1
130  1 3 D4h8  P4/ncc
 2 1 2 1 2 1 2
21 1 2 1 2 0 1
25 1 2 1 2 0 1
130  1 3 D4h8  P4/ncc
 2 1 2 0 1 1 2
21 1 2 0 1 0 1
25 0 1 0 1 0 1
131  1 3 D4h9  P4_2/mmc
 2 0 1 0 1 0 1
21 0 1 0 1 1 2
25 0 1 0 1 0 1
132  1 3 D4h10 P4_2/mcm
 2 0 1 0 1 1 2
21 0 1 0 1 1 2
25 0 1 0 1 0 1
133  1 3 D4h11 P4_2/nbc
 2 0 1 0 1 1 2
21 1 2 1 2 1 2
25 1 2 1 2 1 2
133  1 3 D4h11 P4_2/nbc
 2 0 1 1 2 0 1
21 1 2 0 1 1 2
25 0 1 0 1 0 1
134  1 3 D4h12 P4_2/nnm
 2 0 1 0 1 0 1
21 1 2 1 2 1 2
25 1 2 1 2 1 2
134  1 3 D4h12 P4_2/nnm
 2 0 1 1 2 1 2
21 1 2 0 1 1 2
25 0 1 0 1 0 1
135  1 3 D4h13 P4_2/mbc
 2 1 2 1 2 0 1
21 0 1 0 1 1 2
25 0 1 0 1 0 1
136  1 3 D4h14 P4_2/mnm
 2 1 2 1 2 1 2
21 1 2 1 2 1 2
25 0 1 0 1 0 1
137  1 3 D4h15 P4_2/nmc
 2 1 2 1 2 1 2
21 1 2 1 2 1 2
25 1 2 1 2 1 2
137  1 3 D4h15 P4_2/nmc
 2 1 2 0 1 0 1
21 1 2 0 1 1 2
25 0 1 0 1 0 1
138  1 3 D4h16 P4_2/ncm
 2 1 2 1 2 0 1
21 1 2 1 2 1 2
25 1 2 1 2 1 2
138  1 3 D4h16 P4_2/ncm
 2 1 2 0 1 1 2 
21 1 2 0 1 1 2
25 0 1 0 1 0 1
139  3 3 D4h17 I4/mmm
 2 0 1 0 1 0 1
21 0 1 0 1 0 1
25 0 1 0 1 0 1
140  3 3 D4h18 I4/mcm
 2 0 1 0 1 1 2
21 0 1 0 1 0 1
25 0 1 0 1 0 1
141  3 3 D4h19 I4_1/amd
 2 0 1 1 2 1 4
21 0 1 1 2 1 4
25 0 1 1 2 1 4
141  3 3 D4h19 I4_1/amd
 2 0 1 0 1 0 1
21 1 4 3 4 1 4
25 0 1 0 1 0 1
142  3 3 D4h20 I4_1/acd
 2 0 1 1 2 3 4
21 0 1 1 2 1 4
25 0 1 1 2 1 4
142  3 3 D4h20 I4_1/acd
 2 0 1 0 1 1 2
21 1 4 3 4 1 4
25 0 1 0 1 0 1
143  0 1 C31   P3
 3 0 1 0 1 0 1
144  0 1 C32   P3_1
 3 0 1 0 1 1 3
145  0 1 C33   P3_2
 3 0 1 0 1 2 3
146 -1 1 C34   R3
 3 0 1 0 1 0 1
147  0 2 C3i1  P-3
 3 0 1 0 1 0 1
13 0 1 0 1 0 1
148 -1 2 C3i2  R-3
 3 0 1 0 1 0 1
13 0 1 0 1 0 1
149  0 2 D31   P312
 3 0 1 0 1 0 1
 7 0 1 0 1 0 1
150  0 2 D32   P321 
 3 0 1 0 1 0 1
10 0 1 0 1 0 1
151  0 2 D33   P3_112
 3 0 1 0 1 1 3
 7 0 1 0 1 1 3
152  0 2 D34   P3_121
 3 0 1 0 1 1 3
10 0 1 0 1 2 3
153  0 2 D35   P3_212
 3 0 1 0 1 2 3
 7 0 1 0 1 2 3
154  0 2 D36   P3_221
 3 0 1 0 1 2 3
10 0 1 0 1 1 3
155 -1 2 D37   R32
 3 0 1 0 1 0 1
10 0 1 0 1 0 1
156  0 2 C3v1  P3m1 
 3 0 1 0 1 0 1
22 0 1 0 1 0 1
157  0 2 C3v2  P31m
 3 0 1 0 1 0 1
19 0 1 0 1 0 1 
158  0 2 C3v3  P3c1
 3 0 1 0 1 0 1
22 0 1 0 1 1 2
159  0 2 C3v4  P31c
 3 0 1 0 1 0 1
19 0 1 0 1 1 2
160 -1 2 C3v5  R3m
 3 0 1 0 1 0 1
22 0 1 0 1 0 1
161 -1 2 C3v6  R3c       
 3 0 1 0 1 0 1
22 0 1 0 1 1 2
162  0 3 D3d1  P-31m       
 3 0 1 0 1 0 1
 7 0 1 0 1 0 1
13 0 1 0 1 0 1
163  0 3 D3d2  P-31c       
 3 0 1 0 1 0 1
 7 0 1 0 1 1 2
13 0 1 0 1 0 1
164  0 3 D3d3  P-3m1
 3 0 1 0 1 0 1
10 0 1 0 1 0 1
13 0 1 0 1 0 1
165  0 3 D3d4  P-3c1
 3 0 1 0 1 0 1
10 0 1 0 1 1 2
13 0 1 0 1 0 1
166 -1 3 D3d5  R-3m
 3 0 1 0 1 0 1
10 0 1 0 1 0 1
13 0 1 0 1 0 1
167 -1 3 D3d6  R-3c
 3 0 1 0 1 0 1
10 0 1 0 1 1 2
13 0 1 0 1 0 1
168  0 1 C61   P6
 2 0 1 0 1 0 1
169  0 1 C62   P6_1
 2 0 1 0 1 1 6
170  0 1 C63   P6_5
 2 0 1 0 1 5 6
171  0 1 C64   P6_2 
 2 0 1 0 1 1 3
172  0 1 C65   P6_4
 2 0 1 0 1 2 3
173  0 1 C66   P6_3
 2 0 1 0 1 1 2
174  0 1 C3h1  P-6
14 0 1 0 1 0 1
175  0 2 C6h1  P6/m 
 2 0 1 0 1 0 1
13 0 1 0 1 0 1
176  0 2 C6h2  P6_3/m
 2 0 1 0 1 1 2
13 0 1 0 1 0 1
177  0 2 D61   P622
 2 0 1 0 1 0 1
 7 0 1 0 1 0 1
178  0 2 D62   P6_122
 2 0 1 0 1 1 6
 7 0 1 0 1 1 2
179  0 2 D63   P6_522
 2 0 1 0 1 5 6
 7 0 1 0 1 1 2
180  0 2 D64   P6_222
 2 0 1 0 1 1 3
 7 0 1 0 1 0 1
181  0 2 D65   P6_422
 2 0 1 0 1 2 3
 7 0 1 0 1 0 1
182  0 2 D66   P6_322
 2 0 1 0 1 1 2
 7 0 1 0 1 1 2
183  0 2 C6v1  P6mm
 2 0 1 0 1 0 1
19 0 1 0 1 0 1
184  0 2 C6v2  P6cc
 2 0 1 0 1 0 1
19 0 1 0 1 1 2
185  0 2 C6v3  P6_3cm
 2 0 1 0 1 1 2
19 0 1 0 1 0 1
186  0 2 C6v4  P6_3mc
 2 0 1 0 1 1 2
19 0 1 0 1 1 2
187  0 3 D3h1  P-6m2
 3 0 1 0 1 0 1
 7 0 1 0 1 0 1
16 0 1 0 1 0 1 
188  0 3 D3h2  P-6c2
 3 0 1 0 1 0 1
 7 0 1 0 1 0 1
16 0 1 0 1 1 2
189  0 3 D3h3  P-62m
 3 0 1 0 1 0 1
10 0 1 0 1 0 1
16 0 1 0 1 0 1
190  0 3 D3h4  P-62c
 3 0 1 0 1 0 1
10 0 1 0 1 0 1
16 0 1 0 1 1 2
191  0 3 D6h1  P6/mmm
 2 0 1 0 1 0 1
 7 0 1 0 1 0 1
13 0 1 0 1 0 1
192  0 3 D6h2  P6/mcc
 2 0 1 0 1 0 1
 7 0 1 0 1 1 2
13 0 1 0 1 0 1
193  0 3 D6h3  P6_3/mcm
 2 0 1 0 1 1 2
 7 0 1 0 1 0 1
13 0 1 0 1 0 1
194  0 3 D6h4  P6_3/mmc
 2 0 1 0 1 1 2
 7 0 1 0 1 1 2
13 0 1 0 1 0 1
195  1 2 T1    P23
 2 0 1 0 1 0 1
 5 0 1 0 1 0 1
196  2 2 T2    F23
 2 0 1 0 1 0 1
 5 0 1 0 1 0 1
197  3 2 T3    I23
 2 0 1 0 1 0 1
 5 0 1 0 1 0 1
198  1 2 T4    P2_13
 2 1 2 1 2 0 1
 5 0 1 0 1 0 1
199  3 2 T5    I2_13
 2 1 2 1 2 0 1
 5 0 1 0 1 0 1
200  1 3 Th1   Pm-3
 2 0 1 0 1 0 1
 5 0 1 0 1 0 1
25 0 1 0 1 0 1
201  1 3 Th2   Pn-3
 2 0 1 0 1 0 1
 5 0 1 0 1 0 1
25 1 2 1 2 1 2
201  1 3 Th2   Pn-3
 2 0 1 1 2 1 2
 5 0 1 0 1 0 1
25 0 1 0 1 0 1
202  2 3 Th3   Fm-3
 2 0 1 0 1 0 1
 5 0 1 0 1 0 1
25 0 1 0 1 0 1
203  2 3 Th4   Fd-3
 2 0 1 0 1 0 1
 5 0 1 0 1 0 1
25 1 4 1 4 1 4
203  2 3 Th4   Fd-3
 2 0 1 1 4 1 4
 5 0 1 0 1 0 1
25 0 1 0 1 0 1
204  3 3 Th5   Im-3
 2 0 1 0 1 0 1
 5 0 1 0 1 0 1
25 0 1 0 1 0 1
205  1 3 Th6   Pa-3
 2 1 2 1 2 0 1
 5 0 1 0 1 0 1
25 0 1 0 1 0 1
206  3 3 Th7   Ia-3
 2 1 2 1 2 0 1
 5 0 1 0 1 0 1
25 0 1 0 1 0 1
207  1 2 O1    P432
 5 0 1 0 1 0 1
19 0 1 0 1 0 1
208  1 2 O2    P4_232
 5 0 1 0 1 0 1
19 1 2 1 2 1 2
209  2 2 O3    F432
 5 0 1 0 1 0 1
19 0 1 0 1 0 1
210  2 2 O4    F4_132
 5 0 1 0 1 0 1
19 1 4 3 4 3 4
211  3 2 O5    I432
 5 0 1 0 1 0 1
19 0 1 0 1 0 1
212  1 2 O6    P4_332
 5 0 1 0 1 0 1
19 3 4 3 4 1 4
213  1 2 O7    P4_132
 5 0 1 0 1 0 1
19 1 4 1 4 3 4
214  3 2 O8    I4_132
 5 0 1 0 1 0 1
19 1 4 1 4 3 4
215  1 2 Td1   P-43m
 5 0 1 0 1 0 1
43 0 1 0 1 0 1
216  2 2 Td2   F-43m
 5 0 1 0 1 0 1
43 0 1 0 1 0 1
217  3 2 Td3   I-43m
 5 0 1 0 1 0 1
43 0 1 0 1 0 1
218  1 2 Td4   P-43n 
 5 0 1 0 1 0 1
43 1 2 1 2 1 2
219  2 2 Td5   F-43c
 5 0 1 0 1 0 1
43 1 2 1 2 1 2
220  3 2 Td6   I-43d
 5 0 1 0 1 0 1
43 3 4 3 4 1 4
221  1 3 Oh1   Pm-3m
 5 0 1 0 1 0 1
19 0 1 0 1 0 1
25 0 1 0 1 0 1
222  1 3 Oh2   Pn-3n
 5 0 1 0 1 0 1
19 0 1 0 1 0 1
25 1 2 1 2 1 2
222  1 3 Oh2   Pn-3n
 5 0 1 0 1 0 1
19 0 1 1 2 0 1
25 0 1 0 1 0 1
223  1 3 Oh3   Pm-3n
 5 0 1 0 1 0 1
19 1 2 1 2 1 2
25 0 1 0 1 0 1
224  1 3 Oh4   Pn-3m
 5 0 1 0 1 0 1
19 1 2 1 2 1 2
25 1 2 1 2 1 2
224  1 3 Oh4   Pn-3m
 5 0 1 0 1 0 1
19 1 2 0 1 1 2
25 0 1 0 1 0 1
225  2 3 Oh5   Fm-3m
 5 0 1 0 1 0 1
19 0 1 0 1 0 1
25 0 1 0 1 0 1
226  2 3 Oh6   Fm-3c
 5 0 1 0 1 0 1
19 1 2 1 2 1 2
25 0 1 0 1 0 1
227  2 3 Oh7   Fd-3m
 5 0 1 0 1 0 1
19 1 4 3 4 3 4
25 1 4 1 4 1 4 
227  2 3 Oh7   Fd-3m
 5 0 1 0 1 0 1
19 1 4 1 2 3 4
25 0 1 0 1 0 1
228  2 3 Oh8   Fd-3c
 5 0 1 0 1 0 1
19 1 4 3 4 3 4
25 3 4 3 4 3 4
228  2 3 Oh8   Fd-3c
 5 0 1 0 1 0 1
19 1 4 0 1 3 4
25 0 1 0 1 0 1
229  3 3 Oh9   Im-3m
 5 0 1 0 1 0 1
19 0 1 0 1 0 1
25 0 1 0 1 0 1
230  3 3 Oh10  Ia-3d
 5 0 1 0 1 0 1
19 1 4 1 4 3 4
25 0 1 0 1 0 1
